2000102400 9802 理科 卢泓锋 92 98 136 114 440
2000102401 9808 理科 罗瑞仪 107 86 220 115 528
2000102402 9711 理科 罗栩阳 97 100 172 110 479
2000102400 9802 理科 卢泓锋 92 98 136 114 440
2000102401 9808 理科 罗瑞仪 107 86 220 115 528
2000102402 9711 理科 罗栩阳 97 100 172 110 479
2000102403 0000 Fail None 0 0 0 0 0
2000102404 9802 理科 施杰 101 92 220 108 521
2000102405 9805 理科 苏泽林 107 120 239 116 582
2000102406 0000 Fail None 0 0 0 0 0
2000102407 9706 理科 韦林美 111 84 150 104 449
2000102408 9805 理科 吴浩铭 109 108 193 137 547
2000102409 9709 理科 吴绮雯 109 104 219 130 562
2000102410 9808 理科 吴晓东 111 108 236 131 586
2000102411 9809 理科 吴颖思 99 113 209 118 539
2000102412 9807 理科 徐宇泽 108 105 224 106 543
2000102413 9802 理科 杨邦富 103 85 190 118 496
2000102414 9805 理科 杨源 105 93 201 124 523
2000102415 0000 Fail None 0 0 0 0 0
2000102416 9712 理科 张锐 106 76 186 127 495
2000102417 9710 理科 郑燕湘 108 84 213 121 526
2000102418 9802 理科 郑羽珊 113 91 188 125 517
2000102419 9802 理科 郑子维 93 92 125 103 413
2000102420 0000 Fail None 0 0 0 0 0
2000102421 9709 理科 周长庆 106 111 227 117 561
2000102422 9808 理科 周晓晴 113 103 195 126 537
2000102423 9807 理科 蔡逸扬 114 120 242 138 614
2000102424 9812 理科 陈丹霓 124 122 222 131 599
2000102425 9710 理科 陈泓槟 117 130 261 118 626
2000102426 9710 理科 陈演杭 115 115 224 120 574
2000102427 9808 理科 段韵娴 118 123 211 139 591
2000102428 9804 理科 高瑞阳 115 119 229 143 606
2000102429 9801 理科 何锦耀 110 125 262 141 638
2000102430 9805 理科 胡敬文 113 120 211 133 577
2000102431 9807 理科 黄沛华 112 124 252 134 622
2000102432 9803 理科 黄榕 108 99 194 125 526
2000102433 9808 理科 蒋若旻 108 107 248 141 604
2000102434 9803 理科 赖鹏程 110 124 251 140 625
2000102435 0000 Fail None 0 0 0 0 0
2000102436 9805 理科 梁幸仪 116 110 206 132 564
2000102437 9801 理科 林东烨 115 131 257 136 639
2000102438 9711 理科 林浩峰 118 120 243 134 615
2000102439 9712 理科 林键濠 104 120 223 131 578
2000102440 9705 理科 刘伟明 118 121 210 131 580
2000102441 9712 理科 刘祖壤 105 117 221 127 570
2000102442 9801 理科 卢凌风 102 114 247 136 599
2000102443 9709 理科 卢梓君 111 113 204 141 569
2000102444 9808 理科 罗纯 113 114 227 130 584
2000102445 9712 理科 彭文梓 126 129 268 145 668
2000102446 9803 理科 彭泳欣 114 121 240 134 609
2000102447 9805 理科 司徒沛宏 125 116 235 136 612
2000102448 9709 理科 苏世豪 118 122 270 141 651
2000102449 9803 理科 苏伟轩 102 129 238 113 582
2000102450 9811 理科 唐诗佳 117 115 262 139 633
2000102451 9812 理科 王涵之 124 126 264 144 658
2000102452 9811 理科 王沁尧 109 114 201 127 551
2000102453 9805 理科 魏权毓 108 125 273 138 644
2000102454 9802 理科 徐泳琳 119 123 249 117 608
2000102455 9709 理科 杨文辉 107 119 244 126 596
2000102456 9806 理科 曾梓涛 117 115 247 136 615
2000102457 9709 理科 张晓钰 113 118 232 138 601
2000102458 9708 理科 郑杰恒 115 118 231 128 592
2000102459 9806 理科 郑媛元 105 114 219 115 553
2000102460 9807 理科 郑镇航 115 124 225 117 581
2000102461 0000 Fail None 0 0 0 0 0
2000102462 9709 理科 邹粤 115 109 220 128 572
2000102463 9710 理科 蔡冠中 119 123 244 135 621
2000102464 9807 理科 蔡昊元 113 101 200 123 537
2000102465 9803 理科 蔡响 112 122 241 135 610
2000102466 9803 理科 陈晓扬 108 107 230 129 574
2000102467 9807 理科 程洁敏 114 101 229 143 587
2000102468 9708 理科 冯锋 108 100 213 136 557
2000102469 9801 理科 龚柏辉 110 118 229 130 587
2000102470 9710 理科 郭妙玲 114 81 202 136 533
2000102471 9712 理科 韩张政 106 121 237 138 602
2000102472 9807 理科 何冠岚 109 130 255 141 635
2000102473 9710 理科 黄柏伦 117 119 260 127 623
2000102474 9709 理科 黄泳桐 113 115 239 127 594
2000102475 9708 理科 徐聿智 119 112 203 136 570
2000102476 9807 理科 黄子淇 113 98 204 141 556
2000102477 0000 Fail None 0 0 0 0 0
2000102478 9809 理科 雷楚琦 114 92 197 136 539
2000102479 9805 理科 雷家豪 104 126 264 128 622
2000102480 9709 理科 黎朝阳 109 99 220 124 552
2000102481 9904 理科 李静恬 118 139 280 146 683
2000102482 0000 Fail None 0 0 0 0 0
2000102483 9805 理科 李晓莹 112 92 206 129 539
2000102484 9803 理科 梁燚彤 113 97 206 128 544
2000102485 9804 理科 梁镇希 119 87 196 130 532
2000102486 9709 理科 廖润永 109 120 229 129 587
2000102487 9808 理科 林国章 112 116 249 136 613
